4073
3023
3024
98138
2780
3069b
3710
54200
3004
3005
3020
3022
3070b
25269
15573
6558
3021
3623
2412b
3666
11477
3010
2431
85984
2420
15068
4274
3001
3003
85861
3062b
87079
3795
3068b
43093
4032
87580
24866
6636
3040
15712
3622
63864
87087
99780
4070
32062
3460
99207
32028
4589
22885
3009
6091
2877
3941
2357
11211
32123
3034
4162
44728
4085
35480
99206
32054
41740
3039
30136
3660
2654
3700
98283
3665
20482
18654
4519
92280
59443
92946
60478
63868
32952
33909
3713
99781
93273
99563
48336
3245c
3031
4477
61252
11214
50950
32064
24201
3673
87994
61409
27925
26601
6541
3002
62462
30414
3032
24246
18674
26603
48729
2540
32523
32316
61678
26047
60483
32000
32607
6536
32140
11476
30374
28192
14769
15100
3832
4865
4286
32524
4740
18677
60470
11090
11458
32526
60592
2456
3008
87552
42003
49307
18651
11212
3749
30241
33291
34103
41677
2454
60474
53451
3705
32013
60479
60481
2429c01
15535
85080
26604
36840
14719
3937
32828
64567
88323
27263
3701
32803
32073
3065
40490
60601
22388
3035
64644
3958
63965
14704
2436
2450
43722
43723
29120
4599b
2445
29119
49668
22385
2432
87083
32278
30413
14716
4081b
32525
6134
24309
30357
24316
41769
10247
6628
15070
41770
47457
6632
32184
15392
6005
88072
51739
3659
4282
11203
36841
30565
23443
3037
32556
6231
37352
3747b
4460b
87620
3176
3298
93274
14417
32034
22961
88646
44865
2453
54657
60596
18653
33183
298c02
15379
60477
32039
92947
3036
2423
27507
93606
32002
87544
24307
4490
14418
48092
6014b
3957
15470
23969
3706
60484
24299
4733
30503
30153
41239
44294
553
73562
21459
11215
32270
4624
2449
87747
11478
55981
6179
15571
3894
13547
63869
20310
3030
35787
26287
54383
60581
41682
2465
44301
13965
18980
15462
6111
54384
3678
32124
3709
32016
6589
30237
3702
4287
25214
47905
3033
96874
87697
92950
3029
3680
3684c
32449
6112
14395
88292
3007
37762
2417
88930
4510
18649
36752a
22888
3045
32606
4079b
52107
3829c01
4697b
11253
6232
64647
15208
50340
91988
3703
60593
58176
43888
15403
59349
48989
87082
2476
2817
4216
43898
6003
30236
2921
98100
15706
11833
60594
3899
32192
2460
13548
6587
41539
3028
3895
59426
6126b
3839b
15303
2419
43857
6180
60849
44567
32291
32009
92582
4871
35464
15533
15458
13731
15254
87081
30137
11609
60602
30383
41678
11213
57360
4185
30363
2736
30350b
42610
93095
24855
92438
2653
17485
10197
6553
64179
56145
14696
3633
18646
23950
87609
60476
47455
22890
32474
61184
3938
27940
27261
11610
99021
55013
94925
32530
14419
47456
89522
3679
32063
37775
90194
32014
64799
4600
92013
32056
18575
87414
3942c
22667
50951
6106
59895
2730
57895
60485
15395
2723
15461
11208
15332
33320
34816
30028
2496
50745
30099
10928
32015
3707
30176
2343
4488
3830
3831
30165
64782
39739
6081
61485
85943
90195
74967
30162
99008
32018
32001
3297
11946
47398
92402
33078
25893
30000
33243
11947
60616
50304
14718
32348
15456
98282
15400
66792
6629
40344
11209
16577
50305
75937
30031
22886
33299
47397
46212
47458
22484
30166
43719
53923
37695
40345
6215
45590
3038
10202
30044
3738
30602
92690
6182
42023
30145
6191
18041
61482
22889
40379
30157
69729
18853
92907
64225
48171
98834
2639
42022
4345
3708
13971
98585
32271
35044
14720
28326
67329
4346
85975
99773
6157
30562
2462
26599
30526
18976
13564
3006
65578
93160
38320
32059
6060
15391
15209
18977
92338
92410
64648
24375
11618
53585
43045
4590
19220
95344
25375
57909
90258
10884
48169
39789
2447
4175
3743
73825
30663
3960
4006
76766
28870
61780
70681
52501
44375
55982
52031
73230
85941
3648
87618
50254
3737
91405
24482
60032
32126
92099
3049
98721
88293
92738
60603
15397
6254
90540
4349
2655
39793
3675
3676
43713
64727
6259
61254
21445
15092
50861
62113
91501
43710
19807a
92409
50862
30586
18946
32555
38585
4218
16770
23948
93555
44568
30504
61903
43892
35459
98397
24119
32072
65509
60608
4595
3685
32932
60169
24116
2853
45677
49731
58247
27256
56890
27393
19119
60219
2739
72454
60583
14413
18948
30089
33085
30150
6020
3027
60212
6187
41669
32802
93594
3046
98139
30340
2599
95347
3044
2569
43711
27928
37776
18854
99784
30505
60208
87989
4735
64867
2825
24122
4445
30046
58090
48170
38014
2489
27448
48208
30355
50943
92692
48205
6233
60623
41854
66956
30356
60607
2850
32324
65803
4863
42446
47847
64570
11291
53119
32557
4528
2926
49311
33172
74261
32250
89201
3940b
4533
2852
43056
36017
4536
57697
57585
6222
62361
32249
65098
2851
13349
54662
11954
24593
63082
61072
93604
87617
42918
47759
47755
4739
93593
27965
54671
41948
66909
32065
6190
x346
41748
95188
18974
41747
47753
65617
3837
40378
3956
64448
6239
49283
6249
4738a
87408
55976
87407
38583
30385
95228
15279
95199
18759
6183
2815
3852b
4176
3464
44126
18920
44674
30151b
87080
32017
56891
19121
3823
6583
3822
88704
3456
44225
36451a
55236
33492
50949
3821
33051
85543
43712
18945
92585
12885
15413
87421
24599
44224
3228
4522
21229
30395
3185
23405
14181
2415
50337
15362
87086
32187
14682
24093
66789
41531
88393
30093
18975
93595
54661
57520
98137
4083
32529
24947
2486
54672
18944
15745
6565
32198
68568
95343
24946
6192
18910
20309
92107
62531
56904
2340
22391
18892
14137
3043
6564
35789
24324
61800
4151
55615
90370
87585
93571
62360
64683
60614
10187
74698
25386
27257
35442
51270
76537
64391
92842
6154
44809
29109
18838
15460
39794
29111
48933
62743
39613
28974
6124
92220
14226c11
60599
28327
35654
6256
4727
18034
60808
15540
64951
51239
49577
3300
6148
15064
18588
18587
39893
40066
41862
32200
45301
53400
35470
51266
3900
28588
2714b
61408
3943
4489
64847
26597
67737
50956
50955
24869
72869
11010
93789
11399
67810
23949
35443
15469
2854
37341c
3836
2819
23986
44300
37341d
13269
37341b
37341a
4161
65426
65429
37341e
19159
33121
13608
2530
92589
60621
55978
34173
33322
99009
64178
67095
30592
78594
4515
35700
86208
6070
64728
90397
46667
87693
57515
24504
57783
40243
30043
57878
18978a
18978b
90202
99010
219
28220
30132
53454
98549
30134
32498
27262
98369
30987
33303
15445
30361
78256